1
2
3
2,2
5
2,3
7
2,2,2
3,3
2,5
11
2,2,3
13
2,7
3,5
2,2,2,2
17
2,3,3
19
2,2,5
3,7
2,11
23
2,2,2,3
5,5
2,13
3,3,3
2,2,7
29
2,3,5
31
2,2,2,2,2
3,11
2,17
5,7
2,2,3,3
37
2,19
3,13
2,2,2,5
41
2,3,7
43
2,2,11
3,3,5
2,23
47
2,2,2,2,3
7,7
2,5,5
3,17
2,2,13
53
2,3,3,3
5,11
2,2,2,7
3,19
2,29
59
2,2,3,5
61
2,31
3,3,7
2,2,2,2,2,2
5,13
2,3,11
67
2,2,17
3,23
2,5,7
71
2,2,2,3,3
73
2,37
3,5,5
2,2,19
7,11
2,3,13
79
2,2,2,2,5
3,3,3,3
2,41
83
2,2,3,7
5,17
2,43
3,29
2,2,2,11
89
2,3,3,5
7,13
2,2,23
3,31
2,47
5,19
2,2,2,2,2,3
97
2,7,7
3,3,11
2,2,5,5
